每幅图像的标定误差：
第1幅图像的平均误差：0.0728029像素
第2幅图像的平均误差：0.182246像素
第3幅图像的平均误差：0.117266像素
第4幅图像的平均误差：0.164802像素
第5幅图像的平均误差：0.100313像素
第6幅图像的平均误差：0.147566像素
第7幅图像的平均误差：0.156008像素
第8幅图像的平均误差：0.311955像素
第9幅图像的平均误差：0.121977像素
第10幅图像的平均误差：0.210553像素
第11幅图像的平均误差：0.160749像素
第12幅图像的平均误差：0.188233像素
第13幅图像的平均误差：0.127912像素
第14幅图像的平均误差：0.13538像素
第15幅图像的平均误差：0.190849像素
第16幅图像的平均误差：0.194465像素
总体平均误差：0.161442像素

相机内参数矩阵：
[958.9339890647665, 0, 673.0034964288041;
 0, 951.6796766912036, 413.8343790787427;
 0, 0, 1]

畸变系数：
[0.2179336276557847, -3.999821553211239, 0.0159619535984596, 0.006479320325296639, 19.01546192086769]


第1幅图像的旋转向量：
[-3.620920803828741;
 49.73560449374219;
 248.6032030540136]
第1幅图像的旋转矩阵：
[-0.6104939592752469, -0.7808160451049324, 0.1327532651015609;
 0.7717916378070182, -0.5488445330245717, 0.321103326641441;
 -0.1778617257860539, 0.2984895011147491, 0.937693566270279]
第1幅图像的平移向量：
[3.155680886787672;
 -0.04444406553508701;
 0.01387596803524983]

第2幅图像的旋转向量：
[-2.162314780270165;
 46.88772452805625;
 191.8998861336891]
第2幅图像的旋转矩阵：
[-0.9344233941269622, -0.3504000687965454, 0.0638178054748377;
 0.3403486459403077, -0.8256774264505027, 0.4499106429688831;
 -0.1049557988624119, 0.4421273337370705, 0.8907904922301884]
第2幅图像的平移向量：
[2.75215039544149;
 0.04155265699632951;
 1.493538166368135]

第3幅图像的旋转向量：
[-4.940333975072345;
 48.61995481114345;
 258.4673979137115]
第3幅图像的旋转矩阵：
[0.6624851205051306, 0.7349653379395588, -0.1447045857486653;
 -0.737309461095511, 0.6739007887542948, 0.0472491851293382;
 0.1322430477883418, 0.07539017803221876, 0.9883461424864878]
第3幅图像的平移向量：
[2.965324901348731;
 -0.07034708122993169;
 -1.103787106862665]

第4幅图像的旋转向量：
[3.787543165125186;
 46.25082292630258;
 208.637482906205]
第4幅图像的旋转矩阵：
[0.9942063975585458, -0.1049180110754997, 0.023363433087202;
 0.1049624574899893, 0.9944759519031617, -0.0006808846910867361;
 -0.02316293529156045, 0.003129223268113761, 0.9997268058776944]
第4幅图像的平移向量：
[-2.732542057306313;
 -0.01152344435721658;
 -0.03413014131504861]

第5幅图像的旋转向量：
[-12.57166997671129;
 39.4337854291652;
 231.8303838648932]
第5幅图像的旋转矩阵：
[-0.9867200016690183, -0.1389645710511624, -0.08409807547654707;
 0.103344054098607, -0.9365322319269861, 0.3350035597487319;
 -0.1253141843079098, 0.3218636769727587, 0.9384562475985857]
第5幅图像的平移向量：
[2.510336245840616;
 -0.03663003669697134;
 0.04579069914659901]

第6幅图像的旋转向量：
[-3.506887994282189;
 44.4724223778065;
 262.4004185323003]
第6幅图像的旋转矩阵：
[-0.6446373574571809, -0.757058071666043, 0.1063285168518547;
 0.7498156351608923, -0.5990006140999415, 0.2810245141907737;
 -0.1490610299135568, 0.2608856846076175, 0.9537921518485694]
第6幅图像的平移向量：
[-2.792783362156892;
 0.05844808261060418;
 1.266504471593352]

第7幅图像的旋转向量：
[7.668569435640737;
 47.38715720496092;
 226.3942064885568]
第7幅图像的旋转矩阵：
[0.497811277955552, 0.8521436720389078, -0.1613539393516824;
 -0.8453215551228906, 0.5183375674419913, 0.1294512828168828;
 0.1939468999104593, 0.0719536544059107, 0.97836970089673]
第7幅图像的平移向量：
[2.623708141636215;
 0.1002090070249076;
 1.582038045101163]

第8幅图像的旋转向量：
[-4.402175180039356;
 45.96968102008129;
 210.2006920109729]
第8幅图像的旋转矩阵：
[-0.01414330500430346, -0.9810361712681852, 0.1933080380817497;
 0.9721705291563363, 0.03172189696926254, 0.2321167453945545;
 -0.2338470208564654, 0.1912112755988293, 0.9532858012791467]
第8幅图像的平移向量：
[-2.510592140006123;
 0.01307267443980397;
 -0.09518730134235084]

第9幅图像的旋转向量：
[-13.71699495352701;
 38.38305233505302;
 187.1396419105524]
第9幅图像的旋转矩阵：
[-0.9837314661585292, -0.1358562578748275, -0.1175392686970563;
 0.07861833092264267, -0.9138771463218143, 0.3983060625619891;
 -0.1615288226061476, 0.3825854657811057, 0.9096904972794462]
第9幅图像的平移向量：
[2.659687744497217;
 -0.03056310460202737;
 0.07681475373054614]

第10幅图像的旋转向量：
[9.182088217408015;
 40.63505759490358;
 240.4397976094604]
第10幅图像的旋转矩阵：
[0.5222815095631049, 0.8436599872755951, -0.1243376477122962;
 -0.8376648215540868, 0.5348698752412934, 0.1105977544533476;
 0.1598113622344924, 0.04639011133319147, 0.9860569385543869]
第10幅图像的平移向量：
[2.540440769213836;
 -0.1376082398257431;
 -1.872068524159014]

第11幅图像的旋转向量：
[-7.820655848627603;
 39.73634569363632;
 191.2914384463562]
第11幅图像的旋转矩阵：
[0.7302632068557114, -0.6709994008079641, 0.1283567404859037;
 0.6666073910860786, 0.7409887895960638, 0.0810567692569362;
 -0.1494999493719794, 0.02637077564868742, 0.9884100097274724]
第11幅图像的平移向量：
[2.808460324092593;
 -0.0189419857580653;
 1.211538280709254]

第12幅图像的旋转向量：
[58.83006906124599;
 -26.59774824510245;
 180.6247403514649]
第12幅图像的旋转矩阵：
[-0.7972793604219699, 0.08395816844173604, 0.5977429609765752;
 -0.2526984757352336, -0.9457482628792121, -0.2042148467228629;
 0.5481688624924113, -0.3138650175041205, 0.7752416713392757]
第12幅图像的平移向量：
[-0.07072659165719876;
 -2.858992019196269;
 -0.5452306232898873]

第13幅图像的旋转向量：
[-6.494091523539291;
 39.49102734638483;
 191.9681127056586]
第13幅图像的旋转矩阵：
[0.2520750518193029, -0.9525418753856212, 0.1706521136322073;
 0.9425546264561004, 0.2816204581876358, 0.1796682878985251;
 -0.2192006943339755, 0.115559046236243, 0.9688122431289115]
第13幅图像的平移向量：
[3.045830049212486;
 0.02605392707111439;
 0.5972864899707043]

第14幅图像的旋转向量：
[-7.269205801247435;
 40.38341046386725;
 223.2908419667422]
第14幅图像的旋转矩阵：
[0.671531493605888, -0.730946365087671, 0.1215025286179938;
 0.7272010013372544, 0.6815979154888875, 0.08125875494553156;
 -0.1422116617916395, 0.03378894739888584, 0.989259394842493]
第14幅图像的平移向量：
[3.006655449300503;
 -0.11692284277472;
 -0.9456867748464589]

第15幅图像的旋转向量：
[-8.650021703730983;
 45.21235106769745;
 213.5091497560228]
第15幅图像的旋转矩阵：
[0.07574974802911866, 0.9672478582461695, -0.242267530617957;
 -0.982425713948572, 0.1139640097319058, 0.1478239529253109;
 0.1705921810815593, 0.2268122245471433, 0.9588819127243001]
第15幅图像的平移向量：
[-2.318704623041255;
 0.001745549578340544;
 -0.09462517551712454]

第16幅图像的旋转向量：
[2.338060126155665;
 39.36593117871465;
 233.7357783226165]
第16幅图像的旋转矩阵：
[-0.1504122858045885, 0.9767137963099672, -0.1529911905202742;
 -0.9729444866695034, -0.1187922775244993, 0.1981600884637443;
 0.1753715203174547, 0.1786576471867756, 0.9681561211722157]
第16幅图像的平移向量：
[2.794883005044442;
 -0.1529261869941627;
 -1.453972892143181]


